export const defaultCameraPose =[
    {
        "R":[
            [ 0.7071068, -0.6061088,  0.3641869],
            [ 0.0000000,  0.5150381,  0.8571673],
            [-0.7071068, -0.6061088,  0.3641869 ]
        ],
        "t":[0,0,0]
    },
    {
        "R":[
            [ 0.7071068,  0.6061088, -0.3641869],
            [ 0.0000000,  0.5150381,  0.8571673],
            [ 0.7071068, -0.6061088,  0.3641869 ]
        ],
        "t":[0.3,0,0]
    },
    {
        "R":[
            [-0.7071068,  0.6061088, -0.3641869],
            [ 0.0000000,  0.5150381,  0.8571673],
            [ 0.7071068,  0.6061088, -0.3641869]
        ],
        "t":[0.3,0,0.3]},
    {"R":[
        [-0.7071068, -0.6061088,  0.3641869],
        [ 0.0000000,  0.5150381,  0.8571673],
        [-0.7071068,  0.6061088, -0.3641869]
    ],
    "t":[0,0,0.3]},
    
]

export const defaultWorldMatrix = [
    [1,0,0,0],
    [0,1,0,0],
    [0,0,1,0],
    [0,0,0,1]
]
