export const defaultCameraPose =[{"R":[[1,0,0],[0,1,0],[0,0,1]],"t":[0,0,0]},{"R":[[-0.14963559420539196,-0.7140805574646079,0.6838846002052058],[0.7792357552682252,0.3405790708543305,0.5261155141293207],[-0.6086056413297184,0.611632940534628,0.505474350877081]],"t":[-0.5797831747700404,-0.4588758963400761,0.44025227367534814]},{"R":[[-0.970519026507537,0.2280936962299296,-0.07788507512374217],[-0.04721155067392423,0.1369768902089188,0.9894485337963046],[0.2363554286870218,0.9639557029702464,-0.12217002104162777]],"t":[0.14516254405318096,-0.7519630293150453,1.0103375401228554]},{"R":[[0.3156452974193546,0.7094963763351515,-0.630065820517457],[-0.546716939301631,0.6787009421976848,0.49037293903786283],[0.7755440893319372,0.18968374476286562,0.6021224480743366]],"t":[0.7694861927002169,-0.39761028037219126,0.3506113200996282]}]

export const defaultWorldMatrix = [[0.999927887914835,-0.010730884965951015,0.005391389249365696,-0.021310715360898052],[0.010730884965951015,0.5968459638289307,-0.8022840791413696,0.2544170620041848],[0.005391389249365696,0.8022840791413696,0.5969180759140957,-0.14004953131942804],[0,0,0,1]]

