export const defaultCameraPose =[{"R":[[1,0,0],[0,1,0],[0,0,1]],"t":[0,0,0]},{"R":[[-0.1786082974532569,-0.7120310272770772,0.6790514651155675],[0.7705425318573326,0.3279475804774636,0.5465478854207279],[-0.6118523373165623,0.6208560224832546,0.4900760315160619]],"t":[-0.17823999037898228,-0.14465134253449793,0.13539261198853977]},{"R":[[-0.9648532808054749,0.24662847108815317,-0.09073336634133565],[-0.05233086709685909,0.1580339284428083,0.9860460221560776],[0.2575259731906704,0.9561378952377388,-0.13957327259380556]],"t":[0.03876642126139422,-0.2306294295103144,0.31732258419667186]},{"R":[[0.3347583640806474,0.7025874303605386,-0.6279392808046205],[-0.5549086141609425,0.6855697436156002,0.47124362761614336],[0.7615860211479928,0.19069617022430085,0.6193720231442114]],"t":[0.24223313160909046,-0.12568928811016863,0.11257897547586138]}]

export const defaultWorldMatrix = [[0.999927887914835,-0.010730884965951015,0.005391389249365696,-0.021310715360898052],[0.010730884965951015,0.5968459638289307,-0.8022840791413696,0.2544170620041848],[0.005391389249365696,0.8022840791413696,0.5969180759140957,-0.14004953131942804],[0,0,0,1]]

