export const defaultCameraPose = [
    {"R":[[1,0,0],[0,1,0],[0,0,1]],"t":[0,0,0]},
    {"R":[[1,0,0],[0,1,0],[0,0,1]],"t":[0,0,0]},
    {"R":[[1,0,0],[0,1,0],[0,0,1]],"t":[0,0,0]},
    {"R":[[1,0,0],[0,1,0],[0,0,1]],"t":[0,0,0]}
]

export const defaultWorldMatrix = [
    [1, 0, 0, 0],
    [0, 1, 0, 0],
    [0, 0, 1, 0],
    [0, 0, 0, 1]
]

const goodPose = [{"R":[[1,0,0],[0,1,0],[0,0,1]],"t":[0,0,0]},{"R":[[-0.005106996554886556,0.5501023822499803,-0.8350816053710471],[-0.6010762890461191,0.6657053365519514,0.4422032334038273],[0.7991753332859662,0.5042060827966577,0.3272537436579074]],"t":[0.20364795955954212,-0.12391536680745295,0.18015412024270683]},{"R":[[-0.9984331880202174,0.031247324099008936,-0.04641954110540884],[-0.033405992529365776,0.33265875309007453,0.9424554067199599],[0.04489107620578063,0.942529447141684,-0.33109369149513923]],"t":[0.0001909015221771167,-0.24111645883256042,0.34472660187624693]},{"R":[[0.049660359637620555,-0.6179033042023631,0.7846842392558069],[0.6179351695874983,0.6362402557830136,0.4619030884374289],[-0.7846591456597776,0.4619457149676437,0.4134201029890789]],"t":[-0.21301734485652302,-0.13112817314301276,0.14328523643460653]}]